0 (10, 10) (0, 0) (9, 9) (2, 3, 5, 5) (8, 8, 2, 1)
1 (20, 20) (19, 3) (2, 18) (5, 5, 10, 10) (1, 2, 4, 1)
2 (20, 20) (0, 0) (19, 19) (17, 10, 2, 1) (14, 4, 5, 2) (3, 16, 10, 2) (13, 7, 5, 3) (15, 15, 3, 3)
3 (10, 10) (0, 0) (9, 5) (3, 0, 2, 7) (6, 0, 4, 4) (6, 6, 2, 4)
4 (10, 10) (0, 0) (9, 9) (3, 0, 2, 7) (6, 0, 4, 4) (6, 6, 2, 4)
5 (20, 20) (0, 0) (19, 13) (4, 0, 4, 16) (12, 4, 2, 16) (16, 8, 4, 4)
6 (100,100) (0,0) (99,99)
7 (20,20) (0,0) (19,13) (4,0,4,16) (12,4,2,16) (16,8,4,4)
8 (20,20)(0,10) (19,10) (4,2,13,3) (4,16,13,3) (17,2,2,17)
9 (20,20)(9,14) (11,14)(1,0,10,11)(2,12,9,2)(10,12,1,4)(10,16,5,2)(11,12,6,2)(13,6,2,6)(15,17,4,3)(17,1,2,15)
